list(ns.ad=1.70000E+01, ns.neon=1.10000E+01, nt=3.00000E+00, na=c(2.00000E+00, 2.00000E+00, 2.00000E+00, 2.00000E+00, 2.00000E+00, 2.00000E+00, 2.00000E+00, 2.00000E+00, 2.00000E+00, 2.00000E+00, 2.00000E+00, 2.00000E+00, 2.00000E+00, 2.00000E+00, 2.00000E+00, 2.00000E+00, 2.00000E+00, 2.00000E+00, 2.00000E+00, 2.00000E+00, 2.00000E+00, 2.00000E+00, 2.00000E+00, 2.00000E+00, 2.00000E+00, 2.00000E+00, 2.00000E+00, 2.00000E+00), t= structure(.Data= c(1.00000E+00, 3.00000E+00, 1.00000E+00, 3.00000E+00, 2.00000E+00, 3.00000E+00, 2.00000E+00, 3.00000E+00, 1.00000E+00, 3.00000E+00, 2.00000E+00, 3.00000E+00, 2.00000E+00, 3.00000E+00, 2.00000E+00, 3.00000E+00, 1.00000E+00, 3.00000E+00, 1.00000E+00, 3.00000E+00, 2.00000E+00, 3.00000E+00, 1.00000E+00, 3.00000E+00, 2.00000E+00, 3.00000E+00, 1.00000E+00, 3.00000E+00, 2.00000E+00, 3.00000E+00, 2.00000E+00, 3.00000E+00, 1.00000E+00, 3.00000E+00, 2.00000E+00, 3.00000E+00, 2.00000E+00, 3.00000E+00, 2.00000E+00, 3.00000E+00, 2.00000E+00, 3.00000E+00, 2.00000E+00, 3.00000E+00, 2.00000E+00, 3.00000E+00, 1.00000E+00, 3.00000E+00, 1.00000E+00, 3.00000E+00, 2.00000E+00, 3.00000E+00, 2.00000E+00, 3.00000E+00, 2.00000E+00, 3.00000E+00), .Dim=c(28, 2)), r= structure(.Data= c(1.30000E+01, 8.00000E+00, 2.90000E+01, 2.70000E+01, 1.40000E+01, 8.00000E+00, 7.00000E+00, 5.00000E+00, 1.00000E+01, 9.00000E+00, 9.00000E+00, 1.00000E+00, 1.30000E+01, 8.00000E+00, 1.10000E+01, 6.00000E+00, 3.60000E+01, 1.90000E+01, 3.00000E+00, 4.00000E+00, 9.00000E+00, 7.00000E+00, 1.13000E+02, 1.26000E+02, 1.90000E+01, 1.50000E+01, 4.00000E+00, 1.00000E+00, 1.00000E+00, 1.00000E+00, 1.00000E+01, 3.00000E+00, 9.00000E+00, 3.00000E+00, 1.00000E+00, 2.00000E+00, 9.00000E+00, 6.00000E+00, 6.00000E+00, 1.00000E+00, 2.00000E+00, 2.00000E+00, 8.00000E+00, 5.00000E+00, 7.00000E+00, 7.00000E+00, 5.00000E+00, 2.00000E+00, 6.77000E+02, 6.86000E+02, 2.00000E+00, 4.00000E+00, 1.40000E+01, 5.00000E+00, 1.00000E+01, 8.00000E+00), .Dim=c(28, 2)), n= structure(.Data= c(2.70000E+01, 2.90000E+01, 1.03000E+02, 1.03000E+02, 3.40000E+01, 3.40000E+01, 2.10000E+01, 2.10000E+01, 2.20000E+01, 3.00000E+01, 2.80000E+01, 2.70000E+01, 1.70000E+01, 1.80000E+01, 2.50000E+01, 2.50000E+01, 5.60000E+01, 5.70000E+01, 1.90000E+01, 1.90000E+01, 1.20000E+01, 1.20000E+01, 3.03000E+02, 3.21000E+02, 2.20000E+01, 2.40000E+01, 1.10000E+01, 1.00000E+01, 7.40000E+01, 7.40000E+01, 3.43000E+02, 3.39000E+02, 1.90000E+01, 2.10000E+01, 2.80000E+01, 2.80000E+01, 2.40000E+01, 2.00000E+01, 3.00000E+01, 3.00000E+01, 1.80000E+01, 1.90000E+01, 3.00000E+01, 3.00000E+01, 2.50000E+01, 2.50000E+01, 1.70000E+01, 1.40000E+01, 1.73400E+03, 1.75900E+03, 5.10000E+01, 5.10000E+01, 3.90000E+01, 3.90000E+01, 3.00000E+01, 3.00000E+01), .Dim=c(28, 2)), pub.year=c(2.00500E+03, 2.00600E+03, 2.00200E+03, 2.00200E+03, 1.99500E+03, 1.99100E+03, 1.99000E+03, 1.98700E+03, 1.99600E+03, 1.99100E+03, 1.98800E+03, 2.00700E+03, 1.98800E+03, 2.00300E+03, 1.98100E+03, 2.00000E+03, 1.99800E+03, 1.99600E+03, 1.99300E+03, 1.98800E+03, 1.99200E+03, 1.99700E+03, 1.99900E+03, 1.99200E+03, 2.01100E+03, 2.01400E+03, 2.01400E+03, 2.00500E+03), jadad=c(5.00000E+00, 3.00000E+00, 2.00000E+00, 3.00000E+00, 1.00000E+00, 3.00000E+00, 1.00000E+00, 1.00000E+00, 3.00000E+00, 5.00000E+00, 1.00000E+00, 5.00000E+00, 2.00000E+00, 5.00000E+00, 3.00000E+00, 3.00000E+00, 3.00000E+00, 4.00000E+00, 1.00000E+00, 4.00000E+00, 3.00000E+00, 1.00000E+00, 1.00000E+00, 5.00000E+00, 5.00000E+00, 5.00000E+00, 5.00000E+00, 3.00000E+00), dosage=c(1.75000E+00, 9.30000E-01, 7.50000E-01, 7.50000E-01, 9.30000E-01, 8.55000E-01, 7.50000E-01, 4.50000E-01, 1.00000E+00, 1.20000E+00, 1.00000E+00, 9.00000E-01, 5.00000E-01, 2.00000E+00, 4.50000E-01, 2.10000E-01, 1.80000E+00, 5.00000E-01, 6.00000E-01, 5.00000E-01, 5.00000E-01, 6.00000E-01, 1.50000E-01, 5.00000E-01, 1.00000E+00, 7.50000E-01, 6.00000E-01, 2.00000E+00), duration=c(5.00000E+00, 3.00000E+00, 3.00000E+00, 3.00000E+00, 3.00000E+00, 3.00000E+00, 3.00000E+00, 3.00000E+00, 5.00000E+00, 3.00000E+00, 5.00000E+00, 2.00000E+00, 2.00000E+00, 3.00000E+00, 3.00000E+00, 3.00000E+00, 7.00000E+00, 1.00000E+00, 3.00000E+00, 1.00000E+00, 1.00000E+00, 3.00000E+00, 3.00000E+00, 1.00000E+00, 3.00000E+00, 3.00000E+00, 3.00000E+00, 2.00000E+00), pop=c(0.00000E+00, 0.00000E+00, 0.00000E+00, 0.00000E+00, 0.00000E+00, 0.00000E+00, 0.00000E+00, 0.00000E+00, 0.00000E+00, 0.00000E+00, 0.00000E+00, 0.00000E+00, 0.00000E+00, 0.00000E+00, 0.00000E+00, 0.00000E+00, 0.00000E+00, 1.00000E+00, 1.00000E+00, 1.00000E+00, 1.00000E+00, 1.00000E+00, 1.00000E+00, 1.00000E+00, 1.00000E+00, 1.00000E+00, 2.00000E+00, 2.00000E+00), trans.sample=c(1.85695E-01, 9.85329E-02, 1.71499E-01, 2.18218E-01, 1.82574E-01, 1.92450E-01, 2.35702E-01, 2.00000E-01, 1.32453E-01, 2.29416E-01, 2.88675E-01, 5.58146E-02, 2.04124E-01, 3.16228E-01, 1.16248E-01, 5.43125E-02, 2.18218E-01, 1.88982E-01, 2.23607E-01, 1.82574E-01, 2.29416E-01, 1.82574E-01, 2.00000E-01, 2.67261E-01, 2.38433E-02, 1.40028E-01, 1.60128E-01, 1.82574E-01), alpha=1.00000E+00)
